1
50
10
50
15
46
47
2
14
46
24
25
6
4
21
38
25
1
19
18
1
53
28
17
14
52
24
30
30
16
43
24
42
6
24
23
16
19
20
52
24
8
8
16
20
4
29
52
1
22
19
27
6
41
6
46
38
16
35
7
24
49
16
44
37
28
34
43
34
35
41
40
50
17
35
5
3
48
48
47
47
33
4
39
34
47
37
40
45
34
46
39
46
30
8
29
34
5
12
23
50
44
29
31
52
4
12
47
28
29
41
52
49
44
14
35
51
49
21
14
45
9
27
43
34
22
46
20
9
16
26
11
6
44
8
22
31
13
44
33
27
37
16
34
15
32
40
16
7
19
37
32
2
28
25
26
21
16
38
40
11
50
44
33
36
18
27
45
23
31
25
10
6
17
34
33
51
8
17
17
51
51
3
39
22
20
37
25
14
52
27
50
15
24
42
47
13
22
27
34
31
23
16
34
45
9
39
35
8
53
44
38
15
17
8
8
23
6
19
39
16
39
16
45
52
49
2
39
35
7
9
6
11
19
3
4
14
9
22
12
52
48
34
20
39
53
39
15
52
22
8
38
50
15
29
11
32
19
43
8
6
5
1
8
39
6
21
37
32
15
22
43
12
23
29
13
20
38
9
16
52
51
23
53
4
18
30
9
53
53
44
36
24
21
38
2
30
41
40
37
19
50
48
4
32
2
48
10
45
29
45
1
16
24
27
8
52
8
10
13
10
47
50
43
53
43
28
14
22
22
34
29
28
34
40
21
4
6
27
49
26
4
22
53
15
31
43
52
17
19
34
26
9
11
31
3
7
34
19
42
20
51
7
40
35
20
25
23
46
43
14
53
44
48
46
8
23
11
32
39
5
5
21
36
10
6
8
3
36
51
19
13
35
45
41
44
38
24
16
35
5
30
45
26
20
49
7
22
7
45
52
17
34
15
27
11
53
32
17
30
8
7
13
20
10
30
6
43
8
14
10
15
4
17
23
6
10
9
25
40
43
8
16
51
37
28
6
26
35
11
36
22
11
22
16
53
27
19
38
14
26
22
33
47
10
22
50
34
40
51
10
45
8
51
25
39
22
40
20
5
50
48
51
13
32
48
41
22
40
26
10
10
19
45
29
39
16
51
11
39
48
30
18
8
34
39
2
16
6
27
32
43
21
10
4
5
11
28
33
15
50
53
39
51
32
30
27
36
42
38
23
24
46
1
10
10
15
32
21
39
2
33
46
12
38
27
9
14
48
31
51
10
44
27
39
9
34
37
53
47
26
36
47
40
43
33
32
21
9
45
37
32
10
26
52
17
4
51
18
2
9
22
13
34
16
3
8
40
47
42
50
48
7
21
29
42
10
10
29
46
43
34
20
20
19
33
5
11
12
52
44
52
27
48
20
3
50
41
2
30
11
42
28
10
46
34
40
31
49
14
16
13
27
10
45
30
38
2
24
40
49
29
39
46
16
44
23
37
39
43
36
4
17
18
39
32
53
36
14
7
34
13
19
41
11
43
23
11
19
27
26
35
51
33
20
38
27
53
32
1
37
5
1
20
38
43
6
3
53
15
6
41
34
29
23
14
17
20
41
6
19
33
40
49
14
12
49
38
24
47
31
7
49
28
4
37
36
12
29
41
28
33
36
24
23
51
22
45
30
7
3
51
11
7
8
34
23
2
14
32
23
14
39
43
5
19
7
13
40
33
18
25
1
46
9
7
40
4
8
48
29
19
3
36
17
24
19
31
7
53
39
23
10
14
20
25
42
32
52
28
50
17
17
47
1
20
14
21
26
52
27
21
41
21
24
27
5
39
14
24
14
53
47
42
53
19
12
52
28
1
32
31
45
26
16
20
6
12
34
7
27
25
2
20
20
24
51
34
17
39
47
42
48
36
12
17
44
27
41
23
40
33
16
34
12
21
38
6
4
41
11
29
35
11
38
5
39
30
9
40
32
7
42
51
32
48
2
25
44
39
37
18
30
23
38
39
39
33
41
42
7
53
30
29
16
41
50
42
13
33
12
17
39
24
17
14
1
47
50
49
33
2
4
5
8
38
7
8
44
42
27
49
16
17
4
17
24
20
36
6
28
42
33
2
47
30
18
37
29
44
5
11
9
22
30
52
11
35
35
11
15
4
49
13
42
8
21
33
20
6
7
32
47
9
20
19
45
18
46
12
28
22
10
31
50
23
47
11
27
22
33
33
37
20
47
42
46
9
32
12
46
6
33
49
26
39
12
37
44
50
49
8
32
49
39
53
53
25
16
30
51
25
33
17
20
17
48
5
53
51
6
21
33
12
49
22
43
45
33
22
11
4
7
37
37
10
11
33
20
2
20
7
24
47
8
21
53
42
40
41
52
32
24
44
40
21
32
18
50
23
23
52
34
43
35
25
39
41
21
29
41
51
37
14
16
30
34
30
28
5
26
39
5
51
50
3
31
40
3
25
10
41
31
51
41
52
28
19
40
17
18
12
48
33
46
53
49
43
45
29
13
4
32
4
24
42
3
4
4
33
48
6
37
36
8
38
17
26
29
5
31
29
34
50
37
42
24
13
43
30
5
41
2
30
9
53
42
32
24
17
45
2
6
36
37
42
44
44
17
36
31
51
1
38
44
43
49
41
4
7
7
1
2
14
3
34
39
4
42
48
46
3
17
15
43
51
45
36
9
37
38
9
11
28
31
22
9
41
23
32
31
17
2
27
35
48
34
28
3
53
3
52
44
40
38
4
45
7
16
51
31
26
9
51
32
16
17
21
23
24
6
22
34
35
15
14
7
21
37
12
23
20
49
14
29
8
42
39
41
17
20
9
42
21
9
34
22
41
18
24
29
53
27
30
52
8
1
2
35
52
9
39
27
46
26
37
28
51
53
4
31
4
4
18
18
17
27
17
41
9
8
2
19
30
18
17
37
42
34
12
14
25
36
3
16
21
42
11
31
29
46
25
53
11
50
46
4
30
12
25
1
12
4
33
48
29
46
47
23
21
48
17
2
2
31
25
50
36
36
46
38
16
32
4
23
40
18
20
29
36
30
45
22
44
9
48
14
25
10
2
44
3
37
48
52
12
10
50
52
13
15
45
16
34
53
1
15
14
37
42
7
30
2
5
21
27
30
35
2
25
39
37
41
52
49
6
3
52
24
20
31
3
2
9
38
16
47
11
7
29
48
23
53
7
32
11
43
1
4
21
17
34
24
27
27
35
38
36
24
34
3
46
29
1
32
9
7
50
34
53
48
15
38
7
52
12
48
15
27
28
5
47
43
44
26
29
32
17
22
16
38
47
2
30
17
30
21
46
40
46
7
9
43
22
12
2
13
12
31
48
42
45
8
2
50
8
11
5
39
53
22
40
19
28
4
47
26
39
26
33
22
18
30
4
5
31
12
18
43
39
30
4
32
5
14
52
51
49
26
19
21
34
39
43
39
26
15
49
6
28
21
35
25
19
38
7
35
38
32
47
29
22
12
51
27
25
25
30
49
48
7
16
4
46
12
51
22
19
51
42
48
42
36
18
34
7
15
22
52
37
37
52
21
10
40
4
1
17
45
20
25
26
42
39
7
46
31
20
9
9
16
43
41
8
46
13
31
29
17
50
33
37
45
34
19
40
30
7
44
38
25
34
32
40
20
18
26
34
16
30
52
43
7
45
53
30
41
16
23
16
3
29
51
44
12
34
15
2
31
12
48
37
52
16
17
23
30
20
22
35
44
1
8
40
13
16
8
23
4
7
15
21
5
50
44
34
12
40
24
47
37
9
3
21
48
30
34
34
48
52
1
35
18
15
38
41
11
27
38
50
9
13
45
35
4
15
3
20
8
31
26
21
4
41
24
12
31
52
40
41
35
8
9
26
19
32
7
43
30
41
5
13
2
6
33
41
4
23
17
10
35
53
28
13
42
53
39
15
31
49
35
45
48
27
22
41
41
15
13
4
50
1
13
20
28
36
38
27
15
18
24
51
41
14
24
19
10
24
34
2
2
48
39
52
10
39
2
18
34
16
49
50
48
2
45
51
34
22
3
21
21
39
26
24
17
29
14
28
18
30
41
36
38
31
39
42
41
13
49
37
7
33
41
19
14
4
12
32
37
13
12
2
28
18
28
8
38
53
11
5
3
6
46
12
49
20
42
52
48
6
42
8
18
26
40
19
28
41
6
28
43
29
24
46
37
11
11
41
53
9
50
50
13
38
43
8
41
10
18
51
28
53
6
33
37
36
20
49
13
33
35
19
7
28
6
7
20
53
34
1
45
22
6
31
13
13
11
19
12
34
45
25
15
50
23
36
11
5
29
34
17
29
45
34
45
8
11
19
5
53
48
51
20
5
22
32
30
3
47
50
37
50
34
13
44
13
25
48
33
42
28
41
14
38
11
42
45
42
14
25
19
1
49
40
15
22
27
30
45
32
12
8
18
46
44
45
52
9
53
35
46
6
37
41
31
37
32
1
9
51
35
14
30
31
26
50
12
18
17
28
18
8
3
37
33
41
11
38
35
13
34
33
3
22
1
40
48
23
31
16
1
4
30
39
7
6
5
53
19
1
14
41
5
50
35
4
21
48
16
49
28
2
3
42
2
11
9
12
31
8
20
11
43
29
25
1
6
45
31
52
11
48
52
4
44
25
34
41
10
24
10
52
33
51
15
9
3
41
34
19
25
14
14
38
41
1
31
46
14
12
27
38
7
39
40
7
42
20
7
8
3
51
3
4
43
9
51
18
47
29
43
52
19
51
34
36
44
22
18
29
33
11
8
18
28
35
53
33
5
6
18
8
6
42
2
45
27
2
32
12
14
53
45
46
26
39
25
35
10
52
30
48
4
4
17
22
25
9
7
38
38
8
43
37
51
15
9
43
49
18
14
18
14
33
41
44
36
17
34
22
13
13
6
14
40
20
27
24
30
28
24
27
24
42
46
24
37
45
8
31
18
14
50
5
28
13
48
7
4
25
7
41
31
51
13
31
11
35
22
28
1
33
19
50
53
41
43
7
51
25
34
12
18
17
41
50
44
49
24
28
11
48
3
5
14
31
11
51
15
38
48
35
23
39
21
52
4
49
4
36
39
1
48
34
50
3
32
38
20
26
49
4
11
40
42
31
10
14
38
11
53
36
14
1
1
30
34
13
49
6
8
27
5
40
27
42
7
11
39
40
12
26
8
53
6
16
38
46
1
26
19
44
42
43
43
50
32
43
18
39
28
32
49
7
28
42
30
21
34
34
3
16
17
14
8
46
34
25
53
51
42
31
8
23
31
48
49
40
21
10
23
47
40
45
46
36
33
48
6
27
31
27
11
13
3
12
44
2
42
36
44
3
18
44
14
33
43
50
30
23
27
14
6
34
14
9
11
36
9
25
6
48
13
29
3
30
18
41
26
5
11
50
39
12
36
45
36
33
53
6
36
6
52
50
17
26
38
50
52
39
43
24
12
47
16
7
19
10
24
26
13
4
25
33
45
8
10
42
44
51
10
24
30
32
28
14
3
49
32
4
2
25
46
